8 36
19 4 31 36 13 18 5 35 27 17 9 28 34 23 20 6 8 16 24 32 12 25 2 21 7 15 10 11 3 29 30 26 22 33 14 1
8 6 16 23 34 20 33 14 22 26 1 30 24 32 25 21 12 2 5 28 35 27 17 9 18 4 31 13 19 36 29 10 7 11 3 15
3 15 10 29 11 7 24 12 25 2 21 32 13 36 18 4 19 31 34 23 8 20 16 6 22 1 26 33 14 30 28 17 27 5 35 9
14 1 26 30 33 22 34 8 20 16 6 23 11 29 7 15 3 10 13 36 19 18 31 4 27 9 17 5 35 28 32 2 25 24 12 21
35 9 17 28 5 27 13 19 18 31 4 36 33 30 22 1 14 26 11 29 3 7 10 15 25 21 2 24 12 32 23 16 20 34 8 6
12 21 2 32 24 25 11 3 7 10 15 29 5 28 27 9 35 17 33 30 14 22 26 1 20 6 16 34 8 23 36 31 18 13 19 4
9 2 27 5 35 28 19 4 36 18 10 13 14 33 30 17 1 22 3 11 15 29 7 26 32 16 25 12 21 24 34 20 23 8 6 31
1 17 22 33 14 30 8 6 23 20 31 34 3 11 29 26 15 7 19 13 4 36 18 10 28 2 27 35 9 5 24 25 32 12 21 16
21 16 25 24 12 32 3 15 29 7 26 11 35 5 28 2 9 27 14 33 1 30 22 17 23 31 20 8 6 34 13 18 36 19 4 10
6 31 20 34 8 23 14 1 30 22 17 33 12 24 32 16 21 25 35 5 9 28 27 2 36 10 18 19 4 13 11 7 29 3 15 26
15 26 7 11 3 29 12 21 32 25 16 24 19 13 36 10 4 18 8 34 6 23 20 31 30 17 22 14 1 33 5 27 28 35 9 2
4 10 18 13 19 36 35 9 28 27 2 5 8 34 23 31 6 20 12 24 21 32 25 16 29 26 7 3 15 11 33 22 30 14 1 17
20 23 24 21 16 12 26 22 3 11 30 15 2 9 35 32 25 5 17 1 27 14 33 28 8 36 34 31 18 6 4 13 19 10 7 29
27 28 33 1 17 14 31 18 8 34 36 6 26 15 3 30 22 11 10 4 7 19 13 29 35 32 5 2 25 9 21 24 12 16 20 23
7 29 13 4 10 19 2 25 35 5 32 9 31 6 8 36 18 34 16 21 20 12 24 23 3 30 11 26 22 15 1 33 14 17 27 28
18 36 34 6 31 8 17 27 14 33 28 1 16 21 12 23 20 24 2 9 25 35 5 32 19 29 13 10 7 4 15 11 3 26 22 30
22 30 11 15 26 3 16 20 12 24 23 21 10 4 19 29 7 13 31 6 18 8 34 36 14 28 33 17 27 1 9 5 35 2 25 32
25 32 5 9 2 35 10 7 19 13 29 4 17 1 14 28 27 33 26 15 22 3 11 30 12 23 24 16 20 21 6 34 8 31 18 36
13 19 6 18 36 31 28 5 17 1 35 27 23 20 16 8 34 21 32 25 24 2 9 12 10 3 4 29 11 7 22 15 26 30 33 14
33 14 15 22 30 26 23 34 16 21 8 20 29 7 10 3 11 4 36 18 13 31 6 19 17 35 1 28 5 27 25 9 2 32 24 12
11 3 4 7 29 10 32 24 2 9 12 25 36 18 31 19 13 6 23 20 34 16 21 8 26 14 15 30 33 22 27 1 17 28 5 35
5 35 1 27 28 17 36 13 31 6 19 18 30 22 26 14 33 15 29 7 11 10 4 3 2 12 9 32 24 25 20 21 16 23 34 8
34 8 21 20 23 16 30 33 26 15 14 22 32 25 2 12 24 9 28 27 5 17 1 35 31 19 6 36 13 18 7 4 10 29 11 3
24 12 9 25 32 2 29 11 10 4 3 7 28 27 17 35 5 1 30 22 33 26 15 14 16 8 21 23 34 20 18 6 31 36 13 19
29 11 19 10 7 4 25 32 9 35 24 2 18 31 6 13 36 8 20 16 23 21 12 34 15 33 3 22 30 26 17 14 1 27 28 5
30 33 3 26 22 15 20 23 21 12 34 16 7 10 4 11 29 19 18 31 36 6 8 13 1 5 14 27 28 17 2 35 9 25 32 24
32 24 35 2 25 9 7 29 4 19 11 10 27 17 1 5 28 14 22 26 30 15 3 33 21 34 12 20 23 16 31 8 6 18 36 13
36 13 8 31 18 6 27 28 1 14 5 17 20 16 21 34 23 12 25 2 32 9 35 24 4 11 19 7 29 10 26 3 15 22 30 33
23 34 12 16 20 21 22 30 15 3 33 26 25 2 9 24 32 35 27 17 28 1 14 5 6 13 8 18 36 31 10 19 4 7 29 11
28 5 14 17 27 1 18 36 6 8 13 31 22 26 15 33 30 3 7 10 29 4 19 11 9 24 35 25 32 2 16 12 21 20 23 34
2 25 28 35 9 5 4 10 13 36 7 19 1 14 33 27 17 30 15 3 26 11 29 22 24 20 32 21 16 12 8 23 34 6 31 18
17 27 30 14 1 33 6 31 34 23 18 8 15 3 11 22 26 29 4 19 10 13 36 7 5 25 28 9 2 35 12 32 24 21 16 20
16 20 32 12 21 24 15 26 11 29 22 3 9 35 5 25 2 28 1 14 17 33 30 27 34 18 23 6 31 8 19 36 13 4 10 7
10 7 36 19 4 13 9 2 5 28 25 35 6 8 34 18 31 23 21 12 16 24 32 20 11 22 29 15 26 3 14 30 33 1 17 27
26 22 29 3 15 11 21 16 24 32 20 12 4 19 13 7 10 36 6 8 31 34 23 18 33 27 30 1 17 14 35 28 5 9 2 25
31 18 23 8 6 34 1 17 33 30 27 14 21 12 24 20 16 32 9 35 2 5 28 25 13 7 36 4 10 19 3 29 11 15 26 22
