Experiment 1: Time vs. Sudoku Size
N	TAS	CAS	BoundedCAS	Sequential
    (Total | AvgEntry | AvgExit | WorstEntry | WorstExit)
400	3.66 | 1.87 | 1.89 | 3.58 | 3.58	3.27 | 1.65 | 1.67 | 3.18 | 3.18	3.25 | 1.67 | 1.69 | 3.17 | 3.17	8.84 | 0.00 | 0.00 | 0.00 | 0.00
900	13.05 | 6.86 | 6.87 | 12.94 | 12.94	11.47 | 6.15 | 6.16 | 11.39 | 11.39	11.28 | 5.93 | 5.94 | 11.19 | 11.19	43.13 | 0.00 | 0.00 | 0.00 | 0.00
1600	27.28 | 15.43 | 15.43 | 27.19 | 27.19	25.68 | 14.54 | 14.55 | 25.58 | 25.58	25.38 | 14.25 | 14.26 | 25.27 | 25.27	118.54 | 0.00 | 0.00 | 0.00 | 0.00
2500	65.44 | 34.96 | 34.96 | 65.36 | 65.36	61.05 | 32.34 | 32.35 | 60.94 | 60.94	59.70 | 31.97 | 31.98 | 59.61 | 59.61	350.78 | 0.00 | 0.00 | 0.00 | 0.00
3600	141.77 | 72.34 | 72.35 | 141.68 | 141.68	127.76 | 65.29 | 65.29 | 127.68 | 127.68	130.63 | 66.72 | 66.72 | 130.53 | 130.53	835.06 | 0.00 | 0.00 | 0.00 | 0.00
4900	253.91 | 129.69 | 129.69 | 253.80 | 253.80	242.55 | 123.66 | 123.66 | 242.45 | 242.45	240.02 | 121.94 | 121.94 | 239.94 | 239.94	1623.07 | 0.00 | 0.00 | 0.00 | 0.00
6400	419.11 | 212.11 | 212.11 | 419.00 | 419.00	408.73 | 207.44 | 207.44 | 408.61 | 408.61	413.89 | 210.20 | 210.20 | 413.78 | 413.78	3014.94 | 0.00 | 0.00 | 0.00 | 0.00
8100	663.49 | 336.36 | 336.36 | 663.42 | 663.42	672.82 | 346.22 | 346.22 | 672.76 | 672.76	659.52 | 337.12 | 337.12 | 659.41 | 659.42	4928.72 | 0.00 | 0.00 | 0.00 | 0.00
10000	1035.01 | 528.86 | 528.86 | 1034.88 | 1034.88	1035.63 | 531.36 | 531.37 | 1035.49 | 1035.49	1004.39 | 509.31 | 509.31 | 1004.28 | 1004.28	7274.24 | 0.00 | 0.00 | 0.00 | 0.00

Experiment 2: Time vs. Task Increment
taskInc	TAS	CAS	BoundedCAS	Sequential
         (Total | AvgEntry | AvgExit | WorstEntry | WorstExit)
10	669.38 | 337.82 | 337.83 | 669.28 | 669.28	639.99 | 321.72 | 321.72 | 639.90 | 639.90	650.77 | 328.52 | 328.52 | 650.64 | 650.64	4781.14 | 0.00 | 0.00 | 0.00 | 0.00
20	662.20 | 332.96 | 332.96 | 662.09 | 662.09	655.15 | 333.22 | 333.22 | 655.08 | 655.08	649.04 | 328.15 | 328.15 | 648.94 | 648.94	4416.50 | 0.00 | 0.00 | 0.00 | 0.00
30	656.62 | 332.70 | 332.70 | 656.51 | 656.51	632.93 | 321.38 | 321.38 | 632.84 | 632.84	650.89 | 327.91 | 327.91 | 650.77 | 650.77	4542.18 | 0.00 | 0.00 | 0.00 | 0.00
40	660.08 | 333.64 | 333.65 | 659.93 | 659.93	642.48 | 323.88 | 323.88 | 642.36 | 642.36	636.25 | 325.07 | 325.07 | 636.13 | 636.13	4515.62 | 0.00 | 0.00 | 0.00 | 0.00
50	654.35 | 331.49 | 331.50 | 654.23 | 654.23	637.14 | 325.11 | 325.11 | 637.02 | 637.02	637.51 | 322.81 | 322.81 | 637.40 | 637.40	4576.61 | 0.00 | 0.00 | 0.00 | 0.00

Experiment 3: Time vs. Number of Threads
Threads	TAS	CAS	BoundedCAS	Sequential
         (Total | AvgEntry | AvgExit | WorstEntry | WorstExit)
1	4834.31 | 2412.25 | 2412.25 | 4834.13 | 4834.13	4692.53 | 2338.07 | 2338.07 | 4692.35 | 4692.35	4736.07 | 2359.51 | 2359.51 | 4735.89 | 4735.89	4553.87 | 0.00 | 0.00 | 0.00 | 0.00
2	2500.90 | 1256.68 | 1256.69 | 2500.82 | 2500.82	2448.11 | 1231.75 | 1231.75 | 2448.06 | 2448.06	2453.05 | 1234.51 | 1234.51 | 2452.98 | 2452.98	4561.81 | 0.00 | 0.00 | 0.00 | 0.00
4	1291.26 | 649.88 | 649.88 | 1291.19 | 1291.19	1261.13 | 631.23 | 631.23 | 1261.07 | 1261.07	1267.09 | 637.49 | 637.50 | 1267.02 | 1267.02	4604.02 | 0.00 | 0.00 | 0.00 | 0.00
8	676.90 | 347.56 | 347.56 | 676.79 | 676.79	660.32 | 336.06 | 336.06 | 660.20 | 660.20	659.62 | 337.13 | 337.14 | 659.51 | 659.51	4585.05 | 0.00 | 0.00 | 0.00 | 0.00
16	366.18 | 188.28 | 188.29 | 366.10 | 366.10	364.24 | 187.51 | 187.51 | 364.11 | 364.11	370.31 | 189.48 | 189.49 | 370.22 | 370.22	4628.16 | 0.00 | 0.00 | 0.00 | 0.00
32	226.27 | 118.64 | 118.69 | 226.12 | 226.12	232.29 | 122.69 | 122.70 | 232.17 | 232.17	220.57 | 112.91 | 112.92 | 220.22 | 220.22	4559.88 | 0.00 | 0.00 | 0.00 | 0.00
